Point,Orbit,Fit,Rho_i,Rho_f
"[0.0, 195.65217391304347]","[8900.911545915716, 0.28207707423124323, 1.4183953966218894, 1.0664733363862944, 3.588712536880648, -0.8047495159737611]",-0.2785162748744455,0.0,195.65217391304347
"[0.0, 391.30434782608694]","[32103.803866500093, 0.8061925125007382, 1.1873606212561443, 1.2329311460274817, 3.2963909007892553, -0.27008695223613366]",-0.27575717120367566,0.0,391.30434782608694
"[195.65217391304347, 391.30434782608694]","[7711.541407552814, 0.2228447694485629, 1.4095148265834556, 1.0974494748338366, 3.9614151530749315, -1.1826988404315837]",0.9940157389218857,195.65217391304347,391.30434782608694
"[195.65217391304347, 586.9565217391304]","[20797.90261889575, 0.7072505084135866, 1.1706604725201877, 1.2681947418856903, 3.3535679135206182, -0.36569473662832064]",0.9853181404974721,195.65217391304347,586.9565217391304
"[391.30434782608694, 586.9565217391304]","[6839.397517958802, 0.20716299419132014, 1.398730840422609, 1.1298415629947307, 4.434972085286402, -1.6604805081188592]",0.9979997457334295,391.30434782608694,586.9565217391304
"[391.30434782608694, 782.6086956521739]","[15572.83300841108, 0.6176690950073739, 1.152425631271912, 1.3045868283964006, 3.420016203790996, -0.4629108226953097]",0.9940158396920789,391.30434782608694,782.6086956521739
"[586.9565217391304, 978.2608695652174]","[12573.960623631485, 0.5373719776426218, 1.1325799749721799, 1.3420922850163868, 3.497768062392488, -0.5673363620561521]",0.9967753638463985,586.9565217391304,978.2608695652174
"[782.6086956521739, 1173.9130434782608]","[10637.328808936425, 0.46636157457710126, 1.11105475715062, 1.3806885877861645, 3.5891940628379553, -0.6830342532301548]",0.9979997277246224,782.6086956521739,1173.9130434782608
"[978.2608695652174, 1369.5652173913043]","[9290.86456740589, 0.4047224055501584, 1.0877910285765338, 1.4203459738156485, 3.6968290716684105, -0.8135050269769799]",0.9986475346228199,978.2608695652174,1369.5652173913043
"[1173.9130434782608, 1565.2173913043478]","[8306.905925773288, 0.3526010368518113, 1.0627421560152748, 1.461027972659394, 3.8229038830336908, -0.9615996550283274]",0.9990304302309254,1173.9130434782608,1565.2173913043478
"[1369.5652173913043, 1760.8695652173913]","[7562.24928586794, 0.310137217603656, 1.0358763391546437, 1.502692376602111, 3.968428148769759, -1.1287615395616402]",0.9992747858322202,1369.5652173913043,1760.8695652173913
"[1565.2173913043478, 1956.5217391304348]","[6984.495685652138, 0.27731951367748764, 1.0071790078083889, 1.545292720236278, 4.131867307112269, -1.3137802638189529]",0.9994397880834284,1565.2173913043478,1956.5217391304348
"[2152.173913043478, 2739.1304347826085]","[32480.120019573944, 0.8171234352919414, 0.8020751194273725, 1.783768604303236, 2.996880328243868, -0.1703062745220111]",0.9993365016782835,2152.173913043478,2739.1304347826085
"[2347.8260869565215, 2934.782608695652]","[26765.440833607994, 0.7771953049317293, 0.7766622142355106, 1.8219369138802606, 2.9580690664296405, -0.17437008989042738]",0.9994396414973914,2347.8260869565215,2934.782608695652
"[2543.478260869565, 3130.4347826086955]","[23299.973904727733, 0.7428951691895379, 0.7505126122323105, 1.859857064799463, 2.91334963771265, -0.16991764918918947]",0.9995214378935651,2543.478260869565,3130.4347826086955
"[2739.1304347826085, 3326.086956521739]","[21076.96555995918, 0.7144122968957664, 0.7236348515710789, 1.8974798043242043, 2.862816243497026, -0.15790082193026128]",0.9995873412616881,2739.1304347826085,3326.086956521739
"[2934.782608695652, 3521.7391304347825]","[19634.674998760005, 0.6919753395059602, 0.6960387934217455, 1.934768535282943, 2.806855531799414, -0.13926011410041336]",0.999641174033504,2934.782608695652,3521.7391304347825
"[3130.4347826086955, 3717.391304347826]","[18738.7925750496, 0.6758261228512666, 0.6677364241369953, 1.9717011403965903, 2.746190981300963, -0.11511784414273088]",0.9996856796800636,3130.4347826086955,3717.391304347826
"[3326.086956521739, 3913.0434782608695]","[18266.840494116692, 0.666188130552103, 0.6387427660748799, 2.0082719578157078, 2.681885811268848, -0.0868551448078374]",0.9997228674187539,3326.086956521739,3913.0434782608695
"[3521.7391304347825, 4108.695652173913]","[18160.81211466291, 0.6632347187855793, 0.6090768518082063, 2.0444940684460717, 2.6152872849155897, -0.056099067492797826]",0.999754235128431,3521.7391304347825,4108.695652173913
"[3717.391304347826, 4304.347826086956]","[18408.0506185743, 0.6670638433192256, 0.5787627132132737, 2.0804021312647696, 2.54790974395749, -0.024634607507502154]",0.999780917291577,3717.391304347826,4304.347826086956
"[3913.0434782608695, 4500.0]","[19037.351855008463, 0.6776856282756432, 0.5478303375277833, 2.116056111606813, 2.481274610638859, 0.005731463194266863]",0.9998037854590044,3913.0434782608695,4500.0
"[4108.695652173913, 4695.652173913043]","[20127.89329267542, 0.6950260362248618, 0.5163165474175553, 2.15154641216459, 2.4167424910526085, 0.0333140739575732]",0.9998235178802671,4108.695652173913,4695.652173913043
"[4304.347826086956, 4891.304347826087]","[21836.588519418267, 0.718945345261621, 0.48426577230779694, 2.1870011772574562, 2.3553750452368627, 0.05665716383852968]",0.999840648649065,4304.347826086956,4891.304347826087
"[4500.0, 5086.95652173913]","[24463.770522284794, 0.7492662341545809, 0.45173069542105226, 2.2225969697067196, 2.29785057477799, 0.07457199942254021]",0.9998556029572886,4500.0,5086.95652173913
"[4695.652173913043, 5282.608695652174]","[28618.787762782766, 0.7858046925013458, 0.4187727883436944, 2.2585747495038673, 2.244435479617518, 0.08608633012239414]",0.9998687227521982,4695.652173913043,5282.608695652174
"[4891.304347826087, 5478.260869565217]","[35706.40657034691, 0.8283978912571537, 0.3854627887791713, 2.2952643700019455, 2.1949949688775297, 0.090275511918884]",0.9998802856513263,4891.304347826087,5478.260869565217
"[5478.260869565217, 5869.565217391304]","[6685.87982746184, 0.16952821314527275, 0.208829768784686, 2.765199929874963, 0.6480426326319735, 1.303079999224687]",0.9999664545603164,5478.260869565217,5869.565217391304
"[5673.913043478261, 6065.217391304348]","[7180.352605904096, 0.20446257326500672, 0.17552226539528348, 2.927527376490294, 0.7519480102585689, 1.044905786964877]",0.9999694910705104,5673.913043478261,6065.217391304348
"[5869.565217391304, 6260.869565217391]","[7809.259713973445, 0.2511392802725598, 0.14733293348246235, 3.1403556930424346, 0.7468744217342238, 0.8440158306582468]",0.9999721913230134,5869.565217391304,6260.869565217391
"[6065.217391304348, 6456.521739130434]","[8625.008436803253, 0.30794086304964413, 0.12674648999055407, 3.4175894152560375, 0.6307357254758822, 0.6884937382868641]",0.9999745984246972,6065.217391304348,6456.521739130434
"[6260.869565217391, 6652.173913043478]","[9712.926555210728, 0.3738428389402389, 0.11670706898881328, 3.751945365243778, 0.4235299623908885, 0.5654701740624201]",0.9999767492605051,6260.869565217391,6652.173913043478
"[6456.521739130434, 6847.826086956521]","[11221.591414170072, 0.4483177769565811, 0.118756659304239, 4.0961695038421775, 0.18219315861268587, 0.4650171953892257]",0.9999786755477337,6456.521739130434,6847.826086956521
"[6652.173913043478, 7043.478260869565]","[13434.341702679882, 0.5311654222735224, 0.13128978102399183, 4.3933840732739595, 6.253489944925097, 0.38002925044957364]",0.9999804046702642,6652.173913043478,7043.478260869565
"[6847.826086956521, 7239.130434782608]","[16966.27152339034, 0.6223886759464303, 0.15082611687823158, 4.6230740997140565, 6.096116990499498, 0.3052493707363582]",0.9999819603467808,6847.826086956521,7239.130434782608
"[7043.478260869565, 7239.130434782608]","[7099.279282595289, 0.10983601823832764, 0.4155272572899273, 4.960654019358515, 4.866026010295711, 1.4255277975613205]",0.9999990806339443,7043.478260869565,7239.130434782608
"[7043.478260869565, 7434.782608695652]","[23449.728072034228, 0.7221169516206447, 0.17427224346563375, 4.7948512190469055, 5.986770447568106, 0.23618765352933854]",0.9999833631728968,7043.478260869565,7434.782608695652
"[7239.130434782608, 7434.782608695652]","[8053.590637351752, 0.16159525991539833, 0.43790738014653724, 5.017824755873212, 5.517463819402693, 0.728175334933888]",0.9999992286305405,7239.130434782608,7434.782608695652
"[7239.130434782608, 7630.434782608695]","[39117.085899444945, 0.8305604840787288, 0.19961876407196524, 4.924857517504064, 5.911493880285506, 0.16741606843934972]",0.9999846310667794,7239.130434782608,7630.434782608695
"[7434.782608695652, 7043.478260869565]","[11981.895088948397, 0.5808806365481428, 1.5655335197938987, 5.106748099873249, 1.4069037448165491, -0.8098299949587218]",0.9999265690891175,7434.782608695652,7043.478260869565
"[7434.782608695652, 7239.130434782608]","[6916.751760880261, 0.3307277004923088, 1.2022365046221557, 5.0996883888240045, 2.0353935015114804, -1.687051512705561]",0.9999712644873807,7434.782608695652,7239.130434782608
"[7434.782608695652, 7630.434782608695]","[9371.999106588806, 0.25602855988002493, 0.4591537029560211, 5.0693527242866185, 5.78330667518298, 0.4210731843209835]",0.9999993485166485,7434.782608695652,7630.434782608695
"[7630.434782608695, 7239.130434782608]","[15064.181161572831, 0.6506479888420086, 1.526732247169282, 5.124848367608709, 1.275364648390369, -0.65411405232433]",0.9999295358378644,7630.434782608695,7239.130434782608
"[7630.434782608695, 7434.782608695652]","[7867.148958080305, 0.33367287721965755, 1.1785541875663523, 5.1231537955226685, 1.6972419558702678, -1.347503418660773]",0.9999722080041192,7630.434782608695,7434.782608695652
"[7630.434782608695, 7630.434782608695]","[7436.452040694161, 0.1078164544224993, 0.798568694728582, 5.120584676428713, 1.4954338915118852, -1.381839577541687]",0.9999950215199348,7630.434782608695,7630.434782608695
"[7630.434782608695, 7826.086956521739]","[11303.036631192967, 0.36911948176927245, 0.47931604177752896, 5.116228625837591, 5.893223066681388, 0.2734223873500772]",0.9999994444260902,7630.434782608695,7826.086956521739
"[7826.086956521739, 7434.782608695652]","[20602.866943053927, 0.7335228328543258, 1.4903304528405332, 5.1434556978334545, 1.1593689417953825, -0.5072781028183996]",0.9999322825880143,7826.086956521739,7434.782608695652
"[7826.086956521739, 7630.434782608695]","[9184.132339311005, 0.3724961977189944, 1.1571646095914991, 5.146667310028954, 1.3723554464763361, -1.019884385693597]",0.9999730792229178,7826.086956521739,7630.434782608695
"[7826.086956521739, 7826.086956521739]","[8630.491400144932, 0.17724014111399378, 0.8007259152783572, 5.1514254359383145, 0.7293743038299042, -0.6287290148998234]",0.9999950386975149,7826.086956521739,7826.086956521739
"[7826.086956521739, 8021.739130434782]","[14389.607559737266, 0.4948505068505584, 0.4984541073788135, 5.159200866020902, 5.944197000255017, 0.18721848815149186]",0.9999995199823355,7826.086956521739,8021.739130434782
"[8021.739130434782, 7630.434782608695]","[33404.38526825849, 0.8291920535193638, 1.456248313303078, 5.162448971663017, 1.057806843994185, -0.362356815311688]",0.9999348308179727,8021.739130434782,7630.434782608695
"[8021.739130434782, 7826.086956521739]","[11122.509336976751, 0.4447476025469994, 1.137833857547996, 5.170127293452092, 1.1075925899017647, -0.7503906327295596]",0.9999738855228631,8021.739130434782,7826.086956521739
"[8021.739130434782, 8021.739130434782]","[10360.344813308588, 0.29347922318129704, 0.8029611933470039, 5.1812594739926965, 0.4391967236138171, -0.3502259809340382]",0.999995047893002,8021.739130434782,8021.739130434782
"[8021.739130434782, 8217.391304347826]","[20087.793340842858, 0.631642065175534, 0.5166307726313824, 5.198846026453291, 5.968886927581151, 0.1286625356326561]",0.9999995783432778,8021.739130434782,8217.391304347826
"[8217.391304347826, 8021.739130434782]","[14245.810898421396, 0.543599160175109, 1.1203568598316196, 5.193447002617347, 0.9088127257104345, -0.5437852400447812]",0.9999746334936006,8217.391304347826,8021.739130434782
"[8217.391304347826, 8217.391304347826]","[13081.251876073226, 0.42817599148945124, 0.8052873953192367, 5.210105321317025, 0.3018446927903186, -0.22296629492138856]",0.9999950506629597,8217.391304347826,8217.391304347826
"[8217.391304347826, 8413.04347826087]","[34079.06476558535, 0.7791129708006417, 0.5339083156857242, 5.235616641315208, 5.980277787922453, 0.08290756224619306]",0.9999996222451135,8217.391304347826,8413.04347826087
"[8413.04347826087, 8217.391304347826]","[20096.680180738284, 0.663174065477922, 1.1045528393240527, 5.216552659970074, 0.7614032920563709, -0.38336738930311626]",0.9999753290086254,8413.04347826087,8217.391304347826
"[8413.04347826087, 8413.04347826087]","[17969.781600991824, 0.5758092042544867, 0.8077105691501955, 5.237982105036675, 0.21946980468961697, -0.14852171364283953]",0.9999950483709091,8413.04347826087,8413.04347826087
"[8608.695652173912, 8413.04347826087]","[34955.378353962544, 0.7997836497076295, 1.0902616283999573, 5.239381862969594, 0.6497830069648141, -0.24849152717667677]",0.9999759772942375,8608.695652173912,8413.04347826087
"[8608.695652173912, 8608.695652173912]","[29289.105416895592, 0.7350994360870896, 0.8102317554073797, 5.264909979718755, 0.16227714845884217, -0.09576055200690073]",0.9999950421948949,8608.695652173912,8608.695652173912
"[4510.0, 5096.95652173913]","[24631.769811476344, 0.7509844967147434, 0.45005587170185457, 2.2244241876534647, 2.295020344271128, 0.075323355208775]",0.999856315412783,4510.0,5096.95652173913
"[4892.304347826087, 5479.260869565217]","[35754.91139561047, 0.8286309132535443, 0.3852917672020106, 2.2954544405398893, 2.194751758876308, 0.09027624132702218]",0.999880341160378,4892.304347826087,5479.260869565217
"[8227.391304347826, 8031.739130434782]","[14457.33820850258, 0.5492481897782324, 1.1195099706544531, 5.194633723878754, 0.9001787386290472, -0.5346369557579254]",0.9999746702671961,8227.391304347826,8031.739130434782
"[1375.5652173913043, 1766.8695652173913]","[7542.334316578977, 0.3089882017121532, 1.0350235358541244, 1.5039851215541042, 3.973190635372498, -1.1341852152046685]",0.9992808189588372,1375.5652173913043,1766.8695652173913
"[1.0, 196.65217391304347]","[8893.743402452199, 0.2816853225323262, 1.4183544253928722, 1.0666281755209275, 3.5902514327351067, -0.8063184014615021]",0.8862154844578712,1.0,196.65217391304347
"[6075.217391304348, 6466.521739130434]","[8673.085508219523, 0.31109473629342593, 0.1259542375618199, 3.4335242964977435, 0.622026514731096, 0.6815156894073048]",0.9999747142813006,6075.217391304348,6466.521739130434
"[7044.478260869565, 7435.782608695652]","[23496.737833804516, 0.7226488546343106, 0.17439825049005295, 4.7956089624157725, 5.98631045829086, 0.23584121190155935]",0.9999833699820873,7044.478260869565,7435.782608695652
"[7834.086956521739, 7442.782608695652]","[20924.404842416152, 0.7371858614013622, 1.4888919764689166, 5.144225518150178, 1.1549435979391787, -0.5013861224044771]",0.9999323905376466,7834.086956521739,7442.782608695652
"[1179.9130434782608, 1571.2173913043478]","[8280.977042782204, 0.3511547587840062, 1.061945396474494, 1.4622913078072188, 3.827077522671328, -0.9664406525705159]",0.9990395713431366,1179.9130434782608,1571.2173913043478
"[8610.695652173912, 8415.04347826087]","[35226.120824576756, 0.8012599200055006, 1.0901228446954399, 5.2396136115665835, 0.6487838288203831, -0.24716251704594192]",0.9999759836938268,8610.695652173912,8415.04347826087
"[3138.4347826086955, 3725.391304347826]","[18711.752806572476, 0.6753029734751933, 0.6665643460314238, 1.9732035514640658, 2.7436246617523574, -0.11403268441739411]",0.9996873320853984,3138.4347826086955,3725.391304347826
"[7045.478260869565, 7241.130434782608]","[7107.687935318446, 0.10998625360986951, 0.4157618887527441, 4.961271104350533, 4.874794122261792, 1.4162623852638287]",0.999999082304246,7045.478260869565,7241.130434782608
"[980.2608695652174, 1371.5652173913043]","[9279.244468397641, 0.4041411814221863, 1.0875440718242089, 1.4207567183238838, 3.6980213979945877, -0.8149257107146147]",0.9986524809150521,980.2608695652174,1371.5652173913043
"[7440.782608695652, 7049.478260869565]","[12055.870014697415, 0.5828225938602701, 1.5643072804756661, 5.107294346880781, 1.4026362785448072, -0.8048911915939463]",0.9999266635681663,7440.782608695652,7049.478260869565
"[1.0, 392.30434782608694]","[32012.79617451232, 0.8056627924925684, 1.1872790311610393, 1.2331084967205281, 3.2966625367288644, -0.2705861786161147]",0.8817125711855638,1.0,392.30434782608694
"[4116.695652173913, 4703.652173913043]","[20184.203350801716, 0.6958761910835125, 0.5150162261731686, 2.1529957924916587, 2.4141652240524354, 0.034360651242643904]",0.9998242661375538,4116.695652173913,4703.652173913043
"[596.9565217391304, 988.2608695652174]","[12454.865016824515, 0.533516974626618, 1.1315210711352748, 1.344038756067157, 3.5020880134314987, -0.5729448589512903]",0.996861813838042,596.9565217391304,988.2608695652174
"[8031.739130434782, 8227.391304347826]","[20510.98737053395, 0.6389213114804265, 0.5175351300953879, 5.200791717532161, 5.969722330546507, 0.1261051924759331]",0.9999995809162487,8031.739130434782,8227.391304347826
"[6466.521739130434, 6857.826086956521]","[11314.285875338725, 0.45234983184457267, 0.11916949897232314, 4.1128607315922245, 0.17024273278200627, 0.46034890244408366]",0.9999787684905498,6466.521739130434,6857.826086956521
"[205.65217391304347, 401.30434782608694]","[7660.471341408079, 0.2209016858021152, 1.4090119868958686, 1.099070139928691, 3.984167999348868, -1.2056897603451446]",0.9944338008359447,205.65217391304347,401.30434782608694
"[8223.391304347826, 8223.391304347826]","[13189.449495554392, 0.4325224745822134, 0.8053602483836975, 5.210974512609815, 0.2987364136514002, -0.2201374427292437]",0.9999950506614348,8223.391304347826,8223.391304347826
"[7249.130434782608, 7444.782608695652]","[8110.68590826842, 0.16572959367858767, 0.43902043823214776, 5.0205856001842255, 5.538097841622415, 0.705330083189063]",0.9999992354023689,7249.130434782608,7444.782608695652
"[3330.086956521739, 3917.0434782608695]","[18261.121372405843, 0.6660603410993551, 0.6381429216415516, 2.009015910928024, 2.680542230454557, -0.08624542561978074]",0.9997235625963666,3330.086956521739,3917.0434782608695
"[4306.347826086956, 4893.304347826087]","[21858.106017752936, 0.7192232255656692, 0.4839355444339771, 2.1873639826110125, 2.354766772072547, 0.05686955954108393]",0.9998408118801072,4306.347826086956,4893.304347826087
"[2944.782608695652, 3531.7391304347825]","[19577.023970098548, 0.6909954305264855, 0.6946092420421839, 1.9366649573750692, 2.8038612961152634, -0.13814897089988773]",0.9996436552917591,2944.782608695652,3531.7391304347825
"[7245.130434782608, 7636.434782608695]","[39954.83551461317, 0.8340265297109634, 0.2004119434728109, 4.928334408788941, 5.90959166513544, 0.16521844307447553]",0.9999846679889138,7245.130434782608,7636.434782608695
"[7634.434782608695, 7634.434782608695]","[7457.128075946684, 0.10828099621674675, 0.798612143700832, 5.121225401465368, 1.4731120980154195, -1.3597939314280145]",0.9999950219622927,7634.434782608695,7634.434782608695
"[5681.913043478261, 6073.217391304348]","[7203.150455539668, 0.20615364293754668, 0.17425537405640953, 2.9351244853924743, 0.7539334450998515, 1.0356278704091908]",0.9999696077579092,5681.913043478261,6073.217391304348
"[7828.086956521739, 7828.086956521739]","[8644.96808775497, 0.17828234526932044, 0.8007483411184843, 5.151735467582689, 0.7248248267911374, -0.6243057158482244]",0.9999950388290775,7828.086956521739,7828.086956521739
"[2749.1304347826085, 3336.086956521739]","[20986.96202822351, 0.7131168588229034, 0.7222417130771351, 1.899394023333116, 2.8600829332608946, -0.15710012888508182]",0.9995903583604259,2749.1304347826085,3336.086956521739
"[4701.652173913043, 5288.608695652174]","[28781.80133998437, 0.7870216307709651, 0.41775612888213004, 2.259687351867886, 2.2428619186514274, 0.086328712008517]",0.9998690992130507,4701.652173913043,5288.608695652174
"[7442.782608695652, 7247.130434782608]","[6950.35699392032, 0.3302016854883298, 1.2012198948312065, 5.100645460071269, 2.022146977767023, -1.67376794184244]",0.999971304586931,7442.782608695652,7247.130434782608
"[8027.739130434782, 8027.739130434782]","[10425.680710749148, 0.2973860209009126, 0.8030311328683875, 5.182158671990688, 0.4335525154771116, -0.34491683413567353]",0.9999950480660084,8027.739130434782,8027.739130434782
"[399.30434782608694, 594.9565217391304]","[6808.707379441489, 0.20751135026805514, 1.3982455507231386, 1.1311971987660385, 4.454203380404694, -1.6798669919991416]",0.9980680728130685,399.30434782608694,594.9565217391304
"[6264.869565217391, 6656.173913043478]","[9738.891139887251, 0.37528072470346074, 0.11662776797975948, 3.7591036330885603, 0.4186908025330811, 0.5632188282517959]",0.9999767907907665,6264.869565217391,6656.173913043478
"[2348.8260869565215, 2935.782608695652]","[26743.251762229207, 0.7770055448895707, 0.7765304268694763, 1.8221314058054752, 2.9578555502463098, -0.17436809318202906]",0.9994401083095205,2348.8260869565215,2935.782608695652
"[8417.04347826087, 8417.04347826087]","[18110.57092749051, 0.5789508624377651, 0.8077611354856503, 5.238542061452688, 0.21810509483991353, -0.14728957799035988]",0.9999950482798314,8417.04347826087,8417.04347826087
"[6654.173913043478, 7045.478260869565]","[13462.246594448021, 0.5320554226465343, 0.13146018447253632, 4.396073158482462, 6.251599584985642, 0.3792210993639887]",0.9999804214126098,6654.173913043478,7045.478260869565
"[7834.086956521739, 7638.434782608695]","[9248.799618423844, 0.3748369067661209, 1.1563353106007672, 5.147628249238021, 1.360183808323113, -1.0075640882239405]",0.9999731134172275,7834.086956521739,7638.434782608695
